# Created by Octave 3.4.3, Fri Feb 07 23:21:21 2014 CET <djuka@mycomp.mynet>
# name: sos_out
# type: int32 matrix
# ndims: 2
 5 4
 228812865
 -386099854
 228812865
 1772912959
 -743025983
 228812865
 -434337873
 228812865
 1924531971
 -886642333
 228812865
 -442511966
 228812865
 2055966779
 -1014195808
 228812865
 228812865
 0
 844555682
 0


