# Created by Octave 3.6.4, Sat Feb 15 23:06:19 2014 CET <tgjuranec@dhcppc0>a  
# mu = 1e-4
# name: d
# type: matrix
# rows: 1
# columns: 10
 0.05159615936852862 0.02829427152500584 0.02505411616330229 0.04368312364100368 0.07349396474983241 0.1092485443147487 0.1465241399911977 0.199947772975946 0.2668541269414419 0.3771213186667728


# name: r
# type: matrix
# rows: 1
# columns: 10
 0.9662402343908161 0.9834901983177693 0.9849707004076989 0.9695172366434092 0.9393825787466004 0.8982392645446461 0.8503730578063362 0.7996201726092427 0.7457024052610912 0.6856669974360665




# mu = 1e-6
# name: d								
# type: matrix
# rows: 1
# columns: 10
 0.08116897917715206 0.08086107377027921 0.08082673608575039 0.08078801579135314 0.08046737865262052 0.08014856168942343 0.07996189843205533 0.07964172122580943 0.07942890812733937 0.07906874457604202


# name: r
# type: matrix
# rows: 1
# columns: 10
 0.9428825783069217 0.9431663162079936 0.9434548901504839 0.9437425417337494 0.9440290802023394 0.9443148796679915 0.9446019276357458 0.9448778673886521 0.9451496920181615 0.945415729858155


# name: d
# type: matrix
# rows: 1
# columns: 30
#testing  against the n of recursive  - 4 loops is the best
 0.05008550150287475 0.02357344773178599 0.00734850881990657 0.005844918896488104 0.02028396116579448 0.0476574463900995 0.0850242080266969 0.1284844509411455 0.1848241671936314 0.2483232578279581 0.3235078993500906 0.4057847885661592 0.5059632888080682 0.6094937793512764 0.7233237509479121 0.8558271045865977 1.000280953016412 1.143372894865742 1.30372587149503 1.47766678635731 1.655856160411664 1.850812063233493 2.054812840262763 2.27079970825825 2.508334094046213 2.743499864124555 3.005796135327728 3.281166032112887 3.5219653884265 3.81223978802711


# name: r
# type: matrix
# rows: 1
# columns: 30
 0.9663532302678246 0.9857314587454205 0.9960702523681371 0.9968953118185231 0.9885371455814679 0.9720393158251103 0.9489270162158002 0.9209247929713221 0.8897093822371268 0.856745370313715 0.823209073129982 0.7899801257085546 0.757673209532667 0.726686803864634 0.6972539745035549 0.6694874677955902 0.6434162894612776 0.61901368176978 0.5962176417161639 0.5749454840511269 0.5551038889442951 0.5365956443096292 0.5193240302346267 0.5031955556215304 0.4881215639687242 0.4740190768880653 0.4608111341029181 0.4484268092422614 0.4368010242605493 0.4258742456282533


