# Created by Octave 3.6.4, Sat Feb 15 14:09:48 2014 CET <tgjuranec@dhcppc0>
# name: d
# type: matrix
# rows: 30
# columns: 8
 0.09360675928160699 0.09360236900087852 0.09355847512643195 0.09312042966473023 0.0889754693520512 0.05309508272078974 0.2590246501042299 59.56746632476204
 0.09360681181306883 0.09360289436741615 0.09356373398342277 0.09317353724743503 0.08924888228498076 0.06131920762510175 0.4011146835757929 32.06186402532153
 0.09360682138731082 0.09360299011842534 0.09356469235257422 0.09318320678278272 0.08918615108252821 0.06240140015633595 0.3531505975949342 22.908396268051
 0.09360682357008729 0.09360301194491848 0.09356491049015744 0.09318537541090545 0.08920727854996253 0.0622419075293439 0.3292191587648753 19.0549635554607
 0.09360682385250134 0.09360301476909 0.09356493873501762 0.09318565817135166 0.08920999898366129 0.06227288340654172 0.3280767314352512 18.00633106225857
 0.09360682267943449 0.09360300303917492 0.09356482151120939 0.09318449346759955 0.08920401231606487 0.06221552875961298 0.3284166665848265 18.49501537291927
 0.09360682565611747 0.09360303281128356 0.0935651197602044 0.09318752875209815 0.08924905440949839 0.06351029873654483 0.3646494505888745 25.67923571701738
 0.09360684012433543 0.09360317751178494 0.09356656859723363 0.09320220032253289 0.08972240063201541 0.0657185828255385 0.4584366024361698 44.53638936751216
 0.09360682506789184 0.09360302699485411 0.09356506817853438 0.09318767115110067 0.0894612967404388 0.06784820800326813 0.6340990165727967 64.96231943201148
 0.09360678062889397 0.09360258268858436 0.09356063348652462 0.09314416119593186 0.08938434300871201 0.07056437088758956 0.9172706894523318 84.71321685352906
 0.09360681381406109 0.09360291460444291 0.09356395906382521 0.09317805865519767 0.08980190597107897 0.07701769902479139 1.130289946347204 72.28324250984551
 0.0936067944949675 0.09360272146519995 0.09356203284041098 0.093159313175361 0.08963533664257373 0.07659558616470079 1.180410315446212 66.9443275908794
 0.09360680305903553 0.09360280712043942 0.09356289084861726 0.09316803874549297 0.08969271318830067 0.07735244851755226 1.173843971478271 53.50906009097186
 0.09360679801400039 0.09360275667346452 0.09356238671643136 0.09316303115531052 0.08979777178502883 0.07702558084826303 1.158686881073471 51.65143031678335
 0.09360679601297306 0.09360273666419529 0.09356218672429269 0.09316104128126966 0.08977468645460822 0.07677999289397038 1.154103394298822 48.16525121220884
 0.0936067996353882 0.09360277288711411 0.09356254883017942 0.09316464999970736 0.08964873916067173 0.07678572070583808 1.144580525795459 41.68587623464128
 0.09360680354870919 0.09360281201519392 0.09356293959794704 0.09316850638051583 0.08968349502017453 0.07698874635678882 1.122084430048913 49.276253865694
 0.09360681158848697 0.09360289241815284 0.09356374414564492 0.09317660370255239 0.08903123950961801 0.07669280130612668 1.114999147929523 59.90666084635878
 0.09360679370778589 0.09360271365000808 0.09356196035088374 0.0931591543838412 0.0889039950474611 0.0770126350329266 1.23495714843848 90.63746400529742
 0.09360677418267459 0.093602518460508 0.0935600146170511 0.09314031303319224 0.08893126249524055 0.08172011608568198 1.485515511138957 107.0979343196716
 0.09360681383656273 0.09360291507190105 0.09356398798189824 0.09317913167211761 0.0894496632397391 0.08824146995214165 1.765177191448715 125.0410762688915
 0.09360680977470601 0.09360287449476962 0.0935635863538281 0.09317494282943863 0.08929110972709318 0.08951671183326763 1.87547594428543 158.8564750217292
 0.0936067978486167 0.09360275527271483 0.09356239801707855 0.09283847460077164 0.08903946343490163 0.09225988070865418 1.970181893214307 179.3918863075012
 0.09360678130146817 0.09360258981614751 0.09356074494296096 0.09282237145416045 0.08890186269139924 0.09266720873567945 1.979255616669101 160.566298000301
 0.09360679191234869 0.09360269592366353 0.09356180588920544 0.09283379945946789 0.08901900074082285 0.09285799659372669 1.94344710604484 102.8345164996897
 0.09360678907635632 0.09360266756107617 0.09356152199700865 0.09283081596058519 0.08914504090403702 0.09274904516332534 1.95526988337993 70.42781555920743
 0.09360678855386041 0.09360266233028347 0.09356146910578171 0.09283037347951549 0.08897830548528229 0.09242962601048085 1.91659157191864 122.0272426518471
 0.09360677935505482 0.09360257034666029 0.09356054971277447 0.09314501696797026 0.08888996580413586 0.09149538464126587 1.84373476258508 222.4827484089901
 0.09360679547284322 0.09360273154280348 0.09356216350013537 0.09316167819732984 0.08906997733094173 0.09104819768601212 1.878607483219302 266.8498211551872
 0.09360678370009867 0.09360261384619975 0.09356098961813553 0.09315082275210587 0.08896643020169871 0.09218494021744703 1.860469001808494 299.4949489771183


