w=[]



w(1)	=	77	
w(2)	=	336	
w(3)	=	771	
w(4)	=	1055	
w(5)	=	1080	
w(6)	=	1081	
w(7)	=	1080	
w(8)	=	1080	
w(9)	=	1079	
w(10)	=	2	